Havens, 1992, Science 257, Cascade Lake, NY

        0 0 0 0 0 0 0 0 0 0 0 0 0 0 0 0 0
        0 0 2 2 2 3 3 3 4 4 4 5 5 5 7 7 9
        2 9 1 2 9 0 4 5 2 3 9 4 5 6 3 7 5

0 0 2   1 0 0 0 0 0 0 0 0 0 0 0 0 0 0 0 0
0 0 9   1 0 0 0 0 0 0 0 0 0 0 0 0 0 0 0 0
0 2 1   1 0 0 0 0 0 0 0 0 0 0 0 0 0 0 0 0
0 2 2   1 0 0 0 0 0 0 0 0 0 0 0 0 0 0 0 0
0 2 8   0 1 0 0 1 0 0 0 0 0 0 0 0 0 0 0 0
0 2 9   1 1 0 0 0 0 0 0 0 0 0 0 0 0 0 0 0
0 3 0   0 1 0 0 1 0 0 0 0 0 0 0 0 0 0 0 0
0 3 4   0 1 0 0 1 0 1 1 0 0 0 0 0 0 0 0 0
0 3 5   0 1 0 0 1 0 1 1 0 0 0 0 0 0 0 0 0
0 4 2   0 1 0 0 1 1 1 1 0 0 0 0 0 0 0 0 0
0 4 3   0 1 0 0 1 0 1 1 0 0 0 0 0 0 0 0 0
0 4 9   0 1 0 0 1 0 0 0 0 0 0 0 0 0 0 0 0
0 5 4   0 1 0 0 1 1 1 1 0 0 0 0 0 0 0 0 0
0 5 5   0 1 0 0 1 0 0 0 0 0 0 0 0 0 0 0 0
0 5 6   0 1 0 0 1 0 0 0 0 0 0 0 0 0 0 0 0
0 7 3   0 1 0 0 1 1 1 1 0 0 0 0 0 0 0 0 0
0 7 7   0 1 0 0 1 1 1 1 0 0 0 0 0 0 0 0 0
0 9 5   0 1 0 0 1 1 1 1 0 0 0 0 0 0 0 0 0
1 0 9   0 0 0 0 0 0 0 0 1 1 1 1 1 1 1 1 1
1 1 0   0 0 0 0 0 0 0 0 1 1 1 1 1 1 1 1 1
1 1 3   0 0 0 0 1 1 1 1 0 0 0 0 0 0 0 0 0
1 2 5   0 0 0 0 0 0 0 0 0 1 1 0 0 1 0 0 0
1 3 0   0 0 0 0 0 0 0 0 0 1 1 0 0 1 0 0 0
1 3 1   0 0 0 0 0 0 0 0 0 1 1 0 0 1 0 0 0
1 3 3   0 0 0 0 0 0 0 0 0 1 1 0 0 1 0 0 0
1 4 0   0 0 0 0 0 0 0 0 0 1 1 0 0 1 0 0 0
1 4 9   0 0 0 0 0 0 0 0 0 1 1 0 0 1 0 0 0
1 5 2   0 0 0 0 0 0 0 0 0 1 1 0 0 1 0 0 0
1 7 1   0 0 0 0 0 0 0 0 0 1 1 0 0 1 0 0 0
1 7 5   0 0 0 0 1 0 0 0 0 1 1 0 0 1 0 0 0
1 7 8   0 0 0 0 0 0 0 0 0 1 1 0 0 1 0 0 0
1 8 3   0 0 0 0 0 0 0 0 0 1 1 0 0 1 0 0 0
1 9 2   0 0 0 0 0 0 0 0 0 1 1 0 0 1 0 0 0
2 0 4   0 0 0 0 0 0 0 0 0 1 1 0 0 1 0 0 0
2 2 0   0 0 1 1 1 0 0 0 0 0 0 0 0 0 0 0 0
