Havens, 1992, Science 257, Fawn Lake, NY

        0 0 0 0 0 0 0 0 0 0 0 0 0 0 0 0 0 0
        0 1 2 3 3 4 4 4 5 5 6 6 6 7 7 7 8 8
        2 7 9 4 5 2 3 5 4 7 1 4 9 3 7 8 0 9

0 0 2   1 0 0 0 0 0 0 0 0 0 0 0 0 0 0 0 0 0
0 1 7   1 0 0 0 0 0 0 0 0 0 0 0 0 0 0 0 0 0
0 2 8   0 0 1 0 0 0 0 0 0 0 0 0 0 0 0 0 0 0
0 2 9   1 0 0 0 0 0 0 0 0 0 0 0 0 0 0 0 0 0
0 3 4   0 1 1 1 1 0 0 0 0 0 0 0 0 0 0 0 0 0
0 3 5   0 1 1 1 1 0 0 0 0 0 0 0 0 0 0 0 0 0
0 4 2   0 1 1 1 1 0 0 0 0 0 0 0 0 0 0 0 0 0
0 4 3   0 1 1 1 1 0 0 0 0 0 0 0 0 0 0 0 0 0
0 4 5   0 1 1 1 1 0 0 0 0 0 0 0 0 0 0 0 0 0
0 5 4   0 1 1 1 1 0 0 0 0 0 0 0 0 0 0 0 0 0
0 5 7   0 1 1 1 1 0 0 0 0 0 0 0 0 0 0 0 0 0
0 6 1   0 1 1 0 0 0 0 0 0 0 0 0 0 0 0 0 0 0
0 6 4   0 1 1 1 1 0 0 0 0 0 0 0 0 0 0 0 0 0
0 6 9   0 1 1 1 1 0 0 0 0 0 0 0 0 0 0 0 0 0
0 7 3   0 1 1 1 1 0 0 0 0 0 0 0 0 0 0 0 0 0
0 7 7   0 1 1 1 1 0 0 0 0 0 0 0 0 0 0 0 0 0
0 7 8   0 1 1 1 1 0 0 0 0 0 0 0 0 0 0 0 0 0
0 8 0   0 1 1 1 1 0 0 0 0 0 0 0 0 0 0 0 0 0
0 8 9   0 1 1 1 1 0 0 0 0 0 0 0 0 0 0 0 0 0
1 0 9   0 0 0 0 0 1 1 1 1 1 0 0 0 1 1 1 1 1
1 1 0   0 0 0 0 0 1 1 1 1 1 0 0 0 1 1 1 1 1
1 1 3   0 0 1 1 1 0 0 0 0 0 0 0 0 0 0 0 0 0
1 1 9   0 0 0 0 0 1 0 0 1 1 0 0 0 1 1 1 1 1
1 3 0   0 0 0 0 0 0 1 1 0 0 0 0 0 0 0 0 0 0
1 4 6   0 0 0 0 0 0 1 1 0 0 0 0 0 0 0 0 0 0
1 7 1   0 0 0 0 0 0 1 1 0 0 0 0 0 0 0 0 0 0
1 7 2   0 0 1 0 0 0 1 1 0 0 1 1 1 0 0 0 0 0
1 7 3   0 0 1 0 0 0 1 1 0 0 1 1 1 0 0 0 0 0
1 8 4   0 0 0 0 0 0 1 1 0 0 0 0 0 0 0 0 0 0
1 9 2   0 0 0 0 0 0 1 1 0 0 0 0 0 0 0 0 0 0
1 9 4   0 0 0 0 0 0 1 1 0 0 0 0 0 0 0 0 0 0
2 2 0   0 0 1 0 0 0 0 0 0 1 1 1 1 0 0 0 0 0
