Havens, 1992, Science 257, Federation Lake, NY

        0 0 0 0 0 0 0 0 0 0 0 0 0 0
        0 2 3 4 4 4 5 5 5 5 7 7 9 9
        2 9 2 2 3 4 2 5 6 7 3 7 1 3

0 0 2   1 0 0 0 0 0 0 0 0 0 0 0 0 0
0 2 8   0 1 0 0 0 0 0 0 0 0 0 0 0 0
0 2 9   1 0 0 0 0 0 0 0 0 0 0 0 0 0
0 3 2   0 1 1 0 0 0 0 0 0 0 0 0 0 0
0 4 2   0 1 1 0 0 0 0 0 0 0 0 0 0 0
0 4 3   0 1 1 0 0 0 0 0 0 0 0 0 0 0
0 4 4   0 1 1 0 0 0 0 0 0 0 0 0 0 0
0 5 2   0 1 0 0 0 0 0 0 0 0 0 0 0 0
0 5 5   0 1 0 0 0 0 0 0 0 0 0 0 0 0
0 5 6   0 1 0 0 0 0 0 0 0 0 0 0 0 0
0 5 7   0 1 1 0 0 0 0 0 0 0 0 0 0 0
0 7 3   0 1 1 0 0 0 0 0 0 0 0 0 0 0
0 7 7   0 1 1 0 0 0 0 0 0 0 0 0 0 0
0 9 1   0 1 1 0 0 0 0 0 0 0 0 0 0 0
0 9 3   0 1 1 0 0 0 0 0 0 0 0 0 0 0
1 0 9   0 0 0 1 1 1 1 1 1 1 1 1 1 1
1 3 0   0 0 0 0 1 1 1 0 1 0 0 0 0 0
1 3 2   0 0 0 0 1 1 1 0 1 0 0 0 0 0
1 4 0   0 0 0 0 1 1 1 0 1 0 0 0 0 0
1 9 2   0 0 0 0 1 1 1 0 1 0 0 0 0 0
1 9 6   0 0 0 0 1 1 1 0 1 0 0 0 0 0
2 2 0   0 1 0 0 0 0 0 0 0 1 0 0 0 0
