Havens, 1992, Science 257, High Pond, NY

        0 0 0 0 0 0 0 0 0 0 0 0 0 0 0 0 1
        0 2 3 3 3 4 4 4 5 5 5 7 7 7 9 9 0
        2 9 4 5 6 2 3 9 4 5 6 2 3 7 2 6 4

0 0 2   1 0 0 0 0 0 0 0 0 0 0 0 0 0 0 0 0
0 2 8   0 1 0 0 0 0 0 0 0 0 0 0 0 0 0 0 0
0 2 9   1 0 0 0 0 0 0 0 0 0 0 0 0 0 0 0 0
0 3 4   0 1 1 1 1 0 0 0 0 0 0 0 0 0 0 0 0
0 3 5   0 1 1 1 1 0 0 0 0 0 0 0 0 0 0 0 0
0 3 6   0 1 1 1 1 0 0 0 0 0 0 0 0 0 0 0 0
0 4 2   0 1 1 1 1 0 0 0 0 0 0 0 0 0 0 0 0
0 4 3   0 1 1 1 1 0 0 0 0 0 0 0 0 0 0 0 0
0 4 9   0 1 0 0 0 0 0 0 0 0 0 0 0 0 0 0 0
0 5 4   0 1 1 1 1 0 0 0 0 0 0 0 0 0 0 0 0
0 5 5   0 1 0 0 0 0 0 0 0 0 0 0 0 0 0 0 0
0 5 6   0 1 0 0 0 0 0 0 0 0 0 0 0 0 0 0 0
0 7 2   0 1 1 1 1 0 0 0 0 0 0 0 0 0 0 0 0
0 7 3   0 1 1 1 1 0 0 0 0 0 0 0 0 0 0 0 0
0 7 7   0 1 1 1 1 0 0 0 0 0 0 0 0 0 0 0 0
0 9 2   0 1 1 1 1 0 0 0 0 0 0 0 0 0 0 0 0
0 9 6   0 1 1 1 1 0 0 0 0 0 0 0 0 0 0 0 0
1 0 4   0 1 1 1 1 0 0 0 0 0 0 0 0 0 0 0 0
1 1 0   0 0 0 0 0 1 1 1 1 1 1 1 1 1 1 1 1
1 1 3   0 1 1 1 1 0 0 0 0 0 0 0 0 0 0 0 0
1 1 9   0 0 0 0 0 1 0 1 1 1 0 1 1 1 1 1 1
1 4 6   0 0 0 0 0 0 1 1 0 0 1 0 0 0 0 0 0
1 9 2   0 0 0 0 0 0 1 1 0 0 1 0 0 0 0 0 0
2 2 0   0 1 0 0 0 0 0 0 0 0 0 0 0 0 0 0 0
