Havens, 1992, Science 257, Lower Sister Lake, NY

        0 0 0 0 0 0 0 0 0 0 0 0 0 0 0 0 0 0 0 0 0 1
        0 1 2 2 3 3 4 4 4 4 5 5 5 6 7 7 8 8 8 9 9 0
        9 8 2 9 4 5 1 2 3 9 4 6 8 5 3 7 4 8 9 4 6 2

0 2 8   1 1 0 1 0 0 0 0 0 0 0 0 0 0 0 0 0 0 0 0 0 0
0 2 9   1 1 0 0 0 0 0 0 0 0 0 0 0 0 0 0 0 0 0 0 0 0
0 3 4   1 1 0 1 1 1 0 0 0 0 0 0 0 0 0 0 0 0 0 0 0 0
0 3 5   1 1 0 1 1 1 0 0 0 0 0 0 0 0 0 0 0 0 0 0 0 0
0 4 1   1 1 0 1 0 0 0 0 0 0 0 0 0 0 0 0 0 0 0 0 0 0
0 4 2   1 1 0 1 1 1 0 0 0 0 0 0 0 0 0 0 0 0 0 0 0 0
0 4 3   1 1 0 1 1 1 0 0 0 0 0 0 0 0 0 0 0 0 0 0 0 0
0 4 9   1 1 0 1 0 0 0 0 0 0 0 0 0 0 0 0 0 0 0 0 0 0
0 5 4   1 1 0 1 1 1 0 0 0 0 0 0 0 0 0 0 0 0 0 0 0 0
0 5 6   1 1 0 1 0 0 0 0 0 0 0 0 0 0 0 0 0 0 0 0 0 0
0 5 8   1 1 0 1 1 1 0 0 0 0 0 0 0 0 0 0 0 0 0 0 0 0
0 6 5   1 1 0 1 1 1 0 0 0 0 0 0 0 0 0 0 0 0 0 0 0 0
0 7 3   1 1 0 1 1 1 1 0 0 0 0 0 0 0 0 0 0 0 0 0 0 0
0 7 7   1 1 0 1 1 1 1 0 0 0 0 0 0 0 0 0 0 0 0 0 0 0
0 8 4   1 1 0 1 1 1 1 0 0 0 0 0 0 0 0 0 0 0 0 0 0 0
0 8 9   1 1 0 1 1 1 1 0 0 0 0 0 0 0 0 0 0 0 0 0 0 0
0 9 0   1 1 0 1 1 1 1 0 0 0 0 0 0 0 0 0 0 0 0 0 0 0
0 9 4   1 1 0 1 1 1 1 0 0 0 0 0 0 0 0 0 0 0 0 0 0 0
0 9 6   1 1 0 1 1 1 1 0 0 0 0 0 0 0 0 0 0 0 0 0 0 0
1 0 2   1 1 0 1 1 1 1 0 0 0 0 0 0 0 0 0 0 0 0 0 0 0
1 0 9   0 0 0 0 0 0 0 1 1 1 1 1 1 0 1 1 1 1 1 1 1 1
1 1 0   0 0 0 0 0 0 0 1 1 1 1 1 1 0 1 1 1 1 1 1 1 1
1 1 3   0 0 0 1 1 1 1 0 0 0 0 0 0 0 0 0 0 0 0 0 0 0
1 1 4   0 0 0 1 1 1 1 0 0 0 0 0 0 0 0 0 0 0 0 0 0 0
1 3 0   0 0 0 0 0 0 0 0 1 1 0 1 0 0 0 0 0 0 0 0 0 0
1 3 1   0 0 0 0 0 0 0 0 1 1 0 1 0 0 0 0 0 0 0 0 0 0
1 4 9   0 0 0 0 0 0 0 0 1 1 0 1 0 0 0 0 0 0 0 0 0 0
1 9 2   0 0 0 0 0 0 0 0 1 1 0 1 0 0 0 0 0 0 0 0 0 0
1 9 9   0 0 0 0 0 0 0 0 1 1 0 1 0 0 0 0 0 0 0 0 0 0
2 0 4   0 0 0 0 0 0 0 0 1 1 0 1 0 0 0 0 0 0 0 0 0 0
2 0 5   0 0 0 0 0 0 0 0 1 1 0 1 0 0 0 0 0 0 0 0 0 0
2 0 6   0 0 0 0 0 0 0 0 1 1 0 1 0 0 0 0 0 0 0 0 0 0
2 2 0   0 1 1 1 0 0 0 0 0 0 0 0 0 1 0 0 0 0 0 0 0 0
