Havens, 1992, Science 257, Owl Lake, NY

        0 0 0 0 0 0 0 0 0 0 0 1
        2 3 4 4 4 5 7 7 7 8 8 0
        2 4 2 3 9 2 2 5 7 1 4 4

0 3 4   0 1 0 0 0 0 0 0 0 0 0 0
0 4 2   0 1 0 0 0 0 0 0 0 0 0 0
0 4 3   0 1 0 0 0 0 0 0 0 0 0 0
0 7 2   0 1 0 0 0 0 0 0 0 0 0 0
0 7 5   0 1 0 0 0 0 0 0 0 0 0 0
0 7 7   0 1 0 0 0 0 0 0 0 0 0 0
0 8 1   0 1 0 0 0 0 0 0 0 0 0 0
0 8 4   0 1 0 0 0 0 0 0 0 0 0 0
1 0 4   0 1 0 0 0 0 0 0 0 0 0 0
1 0 9   0 0 1 1 1 1 1 1 1 1 1 1
1 1 0   0 0 1 1 1 1 1 1 1 1 1 1
1 1 1   0 1 0 0 0 0 0 0 0 0 0 0
1 1 6   0 1 0 0 0 0 0 0 0 0 0 0
1 2 2   0 0 0 1 1 1 0 0 0 0 0 0
1 3 0   0 0 0 1 1 1 0 0 0 0 0 0
1 3 1   0 0 0 1 1 1 0 0 0 0 0 0
1 7 4   0 0 0 1 1 1 0 0 0 0 0 0
1 7 5   0 0 0 1 1 1 0 0 0 0 0 0
1 9 1   0 0 0 1 1 1 0 0 0 0 0 0
1 9 2   0 0 0 1 1 1 0 0 0 0 0 0
1 9 3   0 0 0 1 1 1 0 0 0 0 0 0
1 9 4   0 0 0 1 1 1 0 0 0 0 0 0
1 9 6   0 0 0 1 1 1 0 0 0 0 0 0
2 0 0   0 0 0 1 1 1 0 0 0 0 0 0
2 0 1   0 0 0 1 1 1 0 0 0 0 0 0
2 0 4   0 0 0 1 1 1 0 0 0 0 0 0
2 2 0   1 0 0 0 0 0 0 0 0 0 0 0
