Havens, 1992, Science 257, Rock Lake, NY

        0 0 0 0 0 0 0 0 0 0 0 0 0
        3 4 4 5 5 6 7 7 7 8 8 9 9
        6 2 3 2 4 3 3 7 8 4 6 1 6

0 3 6   1 0 0 0 0 0 0 0 0 0 0 0 0
0 4 2   1 0 0 0 0 0 0 0 0 0 0 0 0
0 4 3   1 0 0 0 0 0 0 0 0 0 0 0 0
0 5 4   1 0 0 0 0 0 0 0 0 0 0 0 0
0 6 3   1 0 0 0 0 0 0 0 0 0 0 0 0
0 7 3   1 0 0 0 0 0 0 0 0 0 0 0 0
0 7 6   1 0 0 0 0 0 0 0 0 0 0 0 0
0 7 7   1 0 0 0 0 0 0 0 0 0 0 0 0
0 8 4   1 0 0 0 0 0 0 0 0 0 0 0 0
0 8 6   1 0 0 0 0 0 0 0 0 0 0 0 0
0 9 1   1 0 0 0 0 0 0 0 0 0 0 0 0
0 9 6   1 0 0 0 0 0 0 0 0 0 0 0 0
1 0 9   0 1 1 1 1 0 1 1 1 1 1 1 1
1 1 0   0 1 1 1 1 0 1 1 1 1 1 1 1
1 1 3   1 0 0 0 0 0 0 0 0 0 0 0 0
1 1 6   1 0 0 0 0 0 0 0 0 0 0 0 0
1 9 2   0 0 1 1 0 0 0 0 0 0 0 0 0
1 9 3   0 0 1 1 0 0 0 0 0 0 0 0 0
1 9 6   0 0 1 1 0 0 0 0 0 0 0 0 0
2 2 0   0 0 0 0 0 1 0 0 0 0 0 0 0
