Havens, 1992, Science 257, Russian Lake, NY

        0 0 0 0 0 0 0 0 0 0 0 0 0 0
        0 2 4 4 4 5 5 7 7 8 8 8 9 9
        9 9 0 2 3 4 7 3 7 0 4 9 2 8

0 2 8   1 1 0 0 0 0 0 0 0 0 0 0 0 0
0 2 9   1 0 0 0 0 0 0 0 0 0 0 0 0 0
0 4 0   1 1 1 0 0 0 0 0 0 0 0 0 0 0
0 4 2   1 1 1 0 0 0 0 0 0 0 0 0 0 0
0 4 3   1 1 0 0 0 0 0 0 0 0 0 0 0 0
0 5 4   1 1 1 0 0 0 0 0 0 0 0 0 0 0
0 5 7   1 1 1 0 0 0 0 0 0 0 0 0 0 0
0 7 3   1 1 0 0 0 0 0 0 0 0 0 0 0 0
0 7 7   1 1 0 0 0 0 0 0 0 0 0 0 0 0
0 8 0   1 1 0 0 0 0 0 0 0 0 0 0 0 0
0 8 4   1 1 0 0 0 0 0 0 0 0 0 0 0 0
0 8 9   1 1 0 0 0 0 0 0 0 0 0 0 0 0
0 9 2   1 1 0 0 0 0 0 0 0 0 0 0 0 0
0 9 8   1 1 0 0 0 0 0 0 0 0 0 0 0 0
1 0 9   0 0 0 1 1 1 1 1 1 1 1 1 1 1
1 1 0   0 0 0 1 1 1 1 1 1 1 1 1 1 1
1 1 3   0 1 0 0 0 0 0 0 0 0 0 0 0 0
1 3 0   0 0 0 0 1 0 0 0 0 0 0 0 0 0
1 7 1   0 0 0 0 1 0 0 0 0 0 0 0 0 0
1 9 2   0 0 0 0 1 0 0 0 0 0 0 0 0 0
1 9 6   0 0 0 0 1 0 0 0 0 0 0 0 0 0
1 9 9   0 0 0 0 1 0 0 0 0 0 0 0 0 0
2 2 0   0 1 0 0 0 0 1 0 0 0 0 0 0 0
