Havens, 1992, Science 257, Twin Lake West, NY

        0 0 0 0 0 0 0 0 0 0 0 1
        4 4 4 4 5 5 5 5 6 7 9 0
        0 2 3 4 4 5 6 7 8 7 3 7

0 4 0   1 0 0 0 0 0 0 0 0 0 0 0
0 4 2   1 0 0 0 0 0 0 0 0 0 0 0
0 5 4   1 0 0 0 0 0 0 0 0 0 0 0
0 5 7   1 0 0 0 0 0 0 0 0 0 0 0
0 6 8   1 0 0 0 0 0 0 0 0 0 0 0
1 0 9   0 1 1 1 1 1 1 1 0 1 1 1
1 1 0   0 1 1 1 1 1 1 1 0 1 1 1
1 2 0   0 0 0 0 0 0 0 0 1 0 0 0
1 2 2   0 0 1 1 0 0 1 0 0 0 0 0
1 3 0   0 0 1 1 0 0 1 0 0 0 0 0
1 3 2   0 0 1 1 0 0 1 0 0 0 0 0
1 5 7   0 0 1 1 0 0 1 0 0 0 0 0
1 7 1   0 0 1 1 0 0 1 0 0 0 0 0
1 7 2   0 0 1 1 0 0 1 0 1 0 0 0
1 7 4   0 0 1 1 0 0 1 0 1 0 0 0
1 9 2   0 0 1 1 0 0 1 0 0 0 0 0
1 9 6   0 0 1 1 0 0 1 0 0 0 0 0
2 0 5   0 0 1 1 0 0 1 0 0 0 0 0
2 2 0   0 0 0 0 0 0 0 1 1 0 0 0
