Havens, 1992, Science 257, Twelfth Tee Lake, NY

        0 0 0 0 0 0 0 0 0 0 0 0 0
        0 2 2 3 3 4 5 5 5 7 8 8 9
        2 2 9 4 5 2 2 4 6 7 0 9 3

0 0 2   1 0 0 0 0 0 0 0 0 0 0 0 0
0 2 2   1 0 0 0 0 0 0 0 0 0 0 0 0
0 2 8   0 0 1 0 0 0 0 0 0 0 0 0 0
0 2 9   1 0 0 0 0 0 0 0 0 0 0 0 0
0 3 4   0 0 1 1 1 0 0 0 0 0 0 0 0
0 3 5   0 0 1 1 1 0 0 0 0 0 0 0 0
0 4 2   0 0 1 1 1 0 0 0 0 0 0 0 0
0 5 2   0 0 1 0 0 0 0 0 0 0 0 0 0
0 5 4   0 0 1 1 1 0 0 0 0 0 0 0 0
0 5 6   0 0 1 0 0 0 0 0 0 0 0 0 0
0 7 7   0 0 1 1 1 0 0 0 0 0 0 0 0
0 8 0   0 0 1 1 1 0 0 0 0 0 0 0 0
0 8 9   0 0 1 1 1 0 0 0 0 0 0 0 0
0 9 3   0 0 1 1 1 0 0 0 0 0 0 0 0
1 0 9   0 0 0 0 0 1 1 1 1 1 1 1 1
1 1 0   0 0 0 0 0 1 1 1 1 1 1 1 1
1 1 3   0 0 1 1 1 0 0 0 0 0 0 0 0
1 1 6   0 0 1 1 1 0 0 0 0 0 0 0 0
1 1 9   0 0 0 0 0 1 1 1 0 1 1 1 1
1 3 0   0 0 0 0 0 0 1 0 1 0 0 0 0
1 3 1   0 0 0 0 0 0 1 0 1 0 0 0 0
1 3 2   0 0 0 0 0 0 1 0 1 0 0 0 0
1 3 4   0 0 0 0 0 0 1 0 1 0 0 0 0
1 4 0   0 0 0 0 0 0 1 0 1 0 0 0 0
1 4 1   0 0 0 0 0 0 1 0 1 0 0 0 0
1 4 3   0 0 0 0 0 0 1 0 1 0 0 0 0
1 9 1   0 0 0 0 0 0 1 0 1 0 0 0 0
1 9 2   0 0 0 0 0 0 1 0 1 0 0 0 0
1 9 6   0 0 0 0 0 0 1 0 1 0 0 0 0
2 0 4   0 0 0 0 0 0 1 0 1 0 0 0 0
2 2 0   0 1 1 0 0 0 0 0 0 0 0 0 0
