Havens, 1992, Science 257, Wolf Lake, NY

        0 0 0 0 0 0 0
        3 4 4 5 7 8 9
        4 2 3 7 7 4 2

0 3 4   1 0 0 0 0 0 0
0 4 2   1 0 0 0 0 0 0
0 4 3   1 0 0 0 0 0 0
0 5 7   1 0 0 0 0 0 0
0 7 7   1 0 0 0 0 0 0
0 8 4   1 0 0 0 0 0 0
0 9 2   1 0 0 0 0 0 0
1 0 9   0 1 1 1 1 1 1
1 1 0   0 1 1 1 1 1 1
1 1 3   1 0 0 0 0 0 0
1 1 6   1 0 0 0 0 0 0
1 2 2   0 0 1 0 0 0 0
1 3 0   0 0 1 0 0 0 0
1 3 2   0 0 1 0 0 0 0
1 4 5   0 0 1 0 0 0 0
1 6 7   0 1 1 1 1 1 1
1 7 1   0 0 1 0 0 0 0
1 7 2   0 0 1 0 0 0 0
1 7 4   0 0 1 0 0 0 0
1 7 8   0 0 1 0 0 0 0
1 9 2   0 0 1 0 0 0 0
1 9 3   0 0 1 0 0 0 0
1 9 6   0 0 1 0 0 0 0
1 9 7   0 0 1 0 0 0 0
2 0 5   0 0 1 0 0 0 0
2 1 4   0 0 1 0 0 0 0
2 2 0   0 0 0 1 0 0 0
